[
    0.57797452365057,
    3.5522043239304684,
    3.2769052750916345,
    3.3450491947715424,
    2.9734206780110797,
    3.382586921331851,
    3.3992457592478296,
    3.38027410934159,
    3.0546459895299725,
    3.410077635971313,
    3.3817057494014406,
    3.3348307494014406,
    3.2105349791355278,
    3.040774101985947,
    3.285767587736342,
    3.2136065091328834,
    3.3370153044502633,
    3.205490534908582,
    3.2361629056595134,
    3.2054039096402667,
    3.1117912648545456,
    3.2315083290673465,
    3.391035388646916,
    2.899578877631807,
    3.2904737464915743,
    2.6534374672104137,
    3.654284178257019,
    3.197858758440854,
    3.368315539073542,
    3.2663790677435354,
    3.370637534789636,
    3.1014147648634425,
    3.2575327298275574,
    3.2817222078652892,
    3.155666755603256,
    3.1033500882434235,
    3.2488391263541874,
    3.3673842009768933,
    3.184033768056133,
    3.5530366934932176,
    3.2087427884382094,
    3.011748286572883,
    3.133804827445951,
    3.1404772648634425,
    3.2439535594556204,
    3.2275777558916556,
    3.010832940918282,
    3.381152265319121,
    3.459830817858481,
    3.3169548250865932,
    2.984836761105573,
    3.2379550963568318,
    3.188254067743535,
    3.2563697664759412,
    3.387787376686367,
    3.5542719997624244,
    3.4123043083268234,
    3.2705708290673465,
    3.7103956156656133,
    3.284439996864215,
    3.4877116319905594,
    3.354622435297019,
    3.423865445132526,
    3.49552413199056,
    3.2504722078652892,
    2.9451914722093484,
    3.417429370603498,
    2.581590628380356,
    3.519995469906538,
    2.7350505633599917,
    3.1449562062438936,
    3.2088801436524883,
    3.197981509132883,
    3.056183099021551,
    2.8573317881152094,
    2.7320244127972457,
    3.062697056809023,
    2.8915305674205354,
    2.920067598326481,
    2.7442386879050877,
    3.1944509563406953,
    2.797473192102572,
    3.011223040410899,
    3.449682969906538,
    3.2147777022631403,
    3.0687408274548478,
    3.2671310457812672,
    2.9561812388227464,
    3.492116608905154,
    3.309595187228959,
    3.1690499903395253,
    3.47989913199056,
    3.701391938148684,
    3.3728594114854626,
    3.406361155991693,
    3.2768584871706152,
    3.5004656032357944,
    3.337896407923633,
    3.2502765040874597,
    3.4230655876321494,
    2.9432765308200004,
    3.3211206907907886,
    3.4142592009768933,
    3.541940672940765,
    3.298872049762021,
    3.4741865680231894,
    3.6896632339578033,
    3.457917829599828,
    3.213303034908582,
    3.186916755603256,
    3.1653075717242887,
    3.469137852685234,
    3.482457811803269,
    3.311510128618307,
    3.0406834942176175,
    3.3110863140949616,
    3.2866438637128783,
    3.2905685457812677,
    3.5778981309018127,
    3.1371437062438936,
    3.2254882516225027,
    2.9863616030023046,
    2.925321418513772,
    3.3577365626981117,
    3.404823815784022,
    3.5635641360395534,
    3.128550112606253,
    3.4278006188732477,
    3.2441464079236333,
    3.147377530842324,
    3.0266739438826784,
    3.273548655991693,
    3.1620051436524883,
    3.089184138381952,
    2.8654740154694824,
    2.8924189135986964,
    3.1028840024933304,
    2.831181319021155,
    3.8607938420437407,
    3.1805789229578143,
    2.5090848860480093,
    3.394092843548675,
    3.3822079006140897,
    3.3545552458396113,
    3.021719615419675,
    3.1385676436524883,
    3.090117174030327,
    2.8621351366715393,
    3.2717990626981117,
    2.9752460221088257,
    3.4226832592478296,
    3.4539332592478296,
    3.222973834780193,
    2.9728400767387244,
    3.523366893635439,
    3.106942605972111,
    3.076183609952864,
    3.30935782217895,
    2.9392939135986964,
    3.2625273387609464,
    3.1899162648545456,
    3.3669541502235547,
    3.183542764075379,
    2.9310913141060797,
    3.2690459871706157,
    2.99712288230763,
    2.9344629131063154,
    3.113721268056133,
    3.080870439901925,
    3.576139452246091,
    2.9459109634981737,
    3.6292177688075347,
    3.1137062062438936,
    3.3820881462428014,
    3.1522777022631403,
    3.0047612857794097,
    3.040558099021551,
    3.2409038756621578,
    3.4541888513092687,
    3.4296145873174186,
    3.5882403274181867,
    3.5812263058546456,
    3.2099857704566945,
    3.6462956895124647,
    3.360910093400288,
    3.282915154967484,
    3.6905297543552216,
    3.5796244411517724,
    3.3709444700961146,
    3.035910381291273,
    3.0113484356069655,
    3.4623914508018854,
    3.1849151889455927,
    3.1039787648545456,
    3.0339884956101613,
    3.102549507267557,
    2.9502836802120944,
    2.912645197819098,
    3.700328747243994,
    3.133263093519234,
    3.0608727231880044,
    2.9872354717169673,
    2.989540512598932,
    3.024933099021551,
    3.2454127833927857,
    3.1813526549674838,
    3.084219615419675,
    3.1244674855492196,
    3.3125821083726725,
    3.4553494255481274,
    3.0109583361143484,
    3.230278787373539,
    3.5160906032357944,
    3.3907817497161714,
    3.4357418083268234,
    3.512182969906538,
    3.151258926159401,
    3.3491149761789836,
    3.2302653470488614,
    2.846570508809883,
    3.4486794390605384,
    3.16834297629793,
    3.415597593400288,
    3.1897789096402667,
    2.688529757494239,
    2.8588566300119402,
    3.213483758440854,
    3.079620599021551,
    2.9952437388227464,
    3.2836371492546377,
    3.2813321083726725,
    3.1400871653708258,
    2.9129076342933704,
    2.9050951342933704,
    3.2783833290673465,
    3.2690459871706152,
    2.9080439135986964,
    2.8227699349444273,
    3.3909503041266262,
    3.4054128630609153,
    3.318283963205495,
    3.1199938643471623,
    2.8524680674205354,
    2.5303429116664353,
    2.8462074349444273,
    2.8553564745875177,
    2.789270592609955,
    3.2874240626981117,
    2.988659409125562,
    3.2688502833927857,
    3.2660972078652892,
    3.267193808431016,
    3.1757152022631403,
    3.017120599021551,
    3.259613845984191,
    2.8911674935550793,
    2.7589825844317177,
    3.074756878326877,
    3.2667028044502633,
    3.154683647633241,
    3.4244314330053265,
    3.3167591213087637,
    3.132609160596599,
    3.4064067497161714,
    2.907781477124424,
    3.1776803181946613,
    3.0465810528282695,
    2.991608188430888,
    2.6278282915272753,
    3.0030562388227464,
    3.5092341906012114,
    2.881395197819098,
    3.2659015040874597,
    3.0523258769963135,
    3.373604122854001,
    3.080870439901925,
    3.296918966534285,
    3.379093773212997,
    3.226803717558889,
    3.021594220223608,
    2.993523129820236,
    3.1776452054647275,
    3.2781741849648394,
    3.6097628860288387,
    2.880769288115209,
    3.2798072664759417,
    3.3828404918055552,
    2.6754634373069486,
    3.091415716242855,
    3.1975914096402667,
    3.419037376686367,
    3.1200440388893353,
    2.987625571209584,
    2.8673889568588304,
    2.8703377361641564,
    2.9575103136136986,
    3.3796303709182287,
    3.1266209942176175,
    2.6763804461386873,
    3.1883406930118507,
    3.1590056344011987,
    2.8309455088098834,
    3.011223040410899,
    3.3606853420034377,
    3.119553034908582,
    2.8364799935550793,
    3.1356135441687685,
    3.3186740626981117,
    3.117485359076626,
    3.3663503630609153,
    3.0685946154196744,
    3.1696802884382094,
    3.2224528470488614,
    3.202982585041836,
    2.7867509940120856,
    3.232346463205495,
    3.4721169390605384,
    2.9938084942176175,
    3.339488439277772,
    3.1141113675487495,
    3.1006549478688417,
    3.308054370603498,
    3.279966375662158,
    2.7628224900313323,
    2.9752347149122915,
    2.889207697819098,
    2.9938084942176175,
    2.8357488573662137,
    2.7085869127972457,
    2.9205585221088257,
    2.4961645290375505,
    3.0344864438826784,
    3.5410529451325257,
    3.020950481800247,
    2.861397481105177,
    3.1696802884382094,
    3.3509579006140897,
    3.345285093400288,
    3.2615153470488614,
    3.042313071209584,
    2.7265560348940503,
    3.088466936937529,
    3.076887822680621,
    3.2737140040874597,
    2.9192961968847757,
    2.8640500780608877,
    3.276272683900169,
    2.5079392495824138,
    3.1912894723171767,
    3.2010169137065247,
    3.0425984356069655,
    3.447615294074582,
    2.6261714815598722,
    2.5058919704268985,
    3.101359160596599,
    3.0563084942176175,
    2.9815336802120944,
    3.0548845568090224,
    3.147756594314715,
    3.330151097381041,
    3.393193931316266,
    3.238244021816147,
    3.2641822664759417,
    3.0014780112483104,
    3.209205571471461,
    3.4662193804498864,
    3.2602575844075523,
    3.226254508880056,
    3.4308780876321494,
    3.259477654967484,
    3.4193443804498864,
    3.072024101985947,
    3.562429393635439,
    3.3594861559916933,
    3.2258926303349407,
    3.007884161612956,
    2.9032129131063154,
    2.9356925181280724,
    3.2288414096402662,
    3.3167591213087637,
    2.9119589159768657,
    2.8018849900313323,
    2.8967240154694824,
    3.029796819716225,
    2.566853133424007,
    3.6049768825411204,
    2.6924999672104137,
    2.9815336802120944,
    2.878056319021155,
    3.4357418083268234,
    3.045637822680621,
    3.1897789096402667,
    3.3281689665342853,
    2.989540512598932,
    3.088466936937529,
    2.7452725258210657,
    3.1844088057365103,
    2.9422426929040224,
    3.1239915433807055,
    3.182053034908582,
    3.2312773387609464,
    3.2832470497620205,
    2.8684227947748084,
    2.5984932329166233,
    2.7613594714078977,
    3.1727156930118507,
    3.0795021067601738,
    2.7892087693366583,
    2.8246848763337753,
    2.550340628380356,
    3.0748822735229435,
    3.344437704957646,
    3.1757302640753795,
    3.4725070385531556,
    3.0119025767387244,
    2.9207201342933704,
    3.109977227953334,
    2.8168723763337753,
    3.032480894725001,
    3.2836371492546372,
    3.0290411114389215,
    3.068594615419675,
    2.801056897659871,
    2.925321418513772,
    3.194729255603256,
    2.8027722182305066,
    3.040398129820236,
    3.020069378326877,
    3.1840187062438936,
    3.0205603823076306,
    3.2659015040874597,
    2.56301684907503,
    2.92635525642975,
    3.2969189665342853,
    2.8881916886225927,
    3.3216228420034377,
    3.0504109356069655,
    2.7032612465157397,
    3.276272683900169,
    3.166883926159401,
    2.8896156260311874,
    3.108972479135528,
    2.7900959975358326,
    3.326321214602345,
    3.224830571471461,
    3.2690459871706157,
    2.9235073014141517,
    2.7140943719152815,
    3.182053034908582,
    2.7266987465157397,
    2.8149574349444273,
    3.1762062062438936,
    3.1092476468540755,
    3.008114291904258,
    3.2113880935192345,
    2.7852322768411586,
    2.8758451952821917,
    3.068859319716225,
    3.079836601985947,
    3.3321515837555893,
    3.1776452054647275,
    3.0896196476421385,
    2.8495192881152094,
    3.1727664229578143,
    3.4494518669374754,
    3.2113014682509187,
    3.2891446083726725,
    3.652905774839768,
    3.205794009132883,
    2.7934348763337753,
    2.758410692102572,
    3.0529696154196744,
    3.3230279295288807,
    3.0504109356069655,
    3.5187565271412247,
    3.5911891067235127,
    3.381315649908824,
    3.347386484262972,
    3.2070326472908413,
    3.427546979942503,
    3.0735489438826784,
    3.035694378326877,
    3.133328885277437,
    2.932707940918282,
    3.3571139256523206,
    3.383957493907671,
    2.9920991924116414,
    3.423787694581965,
    3.1229373234740945,
    3.0729673321335955,
    3.7325410336605476,
    2.883718067420535,
    3.313420242510821,
    3.4859816852444934,
    3.1102611027794205,
    3.0401679995289346,
    3.2010169137065247,
    3.265511404594843,
    2.9528423600248037,
    2.884343977124424,
    2.436037880929471
]